4401
5794
294
5213
1467
8542
6624
7685
7817
8457
1645
6469
8678
7949
1334
3706
5040
509
1490
3910
2877
8279
1255
6311
7244
2071
4381
3136
6642
1516
313
893
4532
6319
4213
882
6085
6951
1180
8617
4323
628
1277
2328
2841
8439
5038
8483
989
7421
558
1892
5698
276
6938
7805
4798
3760
5775
1977
5180
3182
3480
7408
6543
6123
1479
2932
1376
4520
181
7854
4141
1852
3885
6841
4974
8474
6062
7953
8505
5514
7190
4559
3485
2813
2892
7739
3950
7169
1854
1742
7271
7814
7871
286
885
5687
3841
2899
2103
1167
7101
5301
7141
6233
5601
7445
72
1051
3161
519
8719
6851
1067
3904
5183
6259
7728
548
1103
7068
5266
4390
1156
7428
8674
3750
8080
6934
5099
5035
2542
6436
1533
2267
6535
7213
2378
5636
1997
7319
4376
7651
224
8044
2529
5215
2667
7125
5595
4095
4065
6333
2030
4250
5477
6342
3698
3007
2876
6371
8101
3812
6013
3444
8501
496
5135
2228
572
6641
6100
2655
5032
3803
5553
5706
460
1957
7448
2152
8115
7002
3311
7154
8716
8068
8672
6401
7107
916
7036
6752
217
1831
8340
7650
8673
2756
1091
3028
3723
2377
3775
4962
3953
2088
4075
2017
5198
1837
4849
3143
7252
7859
1590
1112
7701
8463
5808
3754
5464
6897
4018
8271
1800
8521
6730
4240
8487
3894
4792
3956
1595
2456
6227
5963
5273
5279
684
1710
2229
8061
200
4753
6104
8057
7553
4475
8247
5584
6078
1185
3844
14
3207
4629
7126
6050
7885
4480
4421
3476
261
4700
7772
2475
6830
4472
90
8726
3365
2196
6726
5237
6197
8556
5798
4772
1453
1364
958
6622
4747
8413
3510
4644
1283
8105
2516
1070
794
2933
2060
5611
5765
6300
7857
3474
7773
1515
1748
3605
7439
8277
8357
7259
7432
7058
7684
356
8212
6132
4558
3740
6318
1578
2586
4413
6935
2104
7338
7614
3699
6192
1066
5518
4123
8708
2764
5646
1570
369
4548
4821
8320
5482
1746
4252
1468
7657
2154
1597
4477
1353
295
5436
5964
629
125
719
4676
2607
1069
7731
4624
1638
5092
6688
4987
4445
8383
1815
8402
8045
4269
3188
2262
3847
3013
1379
7332
7577
737
1278
5378
7711
6263
5615
971
2038
3501
4015
8166
7675
1358
6627
3766
8100
4006
8449
7690
1812
660
7602
713
1235
5578
2550
7194
444
2554
2703
3614
7606
4266
326
7968
6690
5642
5147
7683
4126
7041
1282
980
1168
5573
424
7741
2929
4759
5511
1986
5033
6650
1845
1652
7038
8694
3526
3840
4319
6789
1121
1122
3304
8525
3729
6887
593
226
2707
3019
1750
4589
6981
6989
7895
3073
1691
533
6018
2545
2501
7410
6706
5812
8225
5589
6870
5489
8026
3484
5901
1314
2646
5314
2577
6942
685
5986
440
3643
1978
2620
2636
7548
1733
1461
5524
4687
2843
2984
7435
6396
7343
2768
1140
5771
2774
963
5098
6859
8675
6075
1657
6492
2182
5738
6597
3874
5372
1835
6222
5832
2795
4484
4430
5892
6045
6508
3223
687
4627
979
4749
7236
7110
5920
2590
7260
5829
4400
6719
1921
1142
1109
8055
3822
6711
5879
3583
4070
4707
2563
3318
409
930
1893
2543
2004
3263
949
7389
8582
5006
7933
32
983
5688
1425
1900
2212
4152
1182
7746
3662
3169
311
7009
4059
65
2873
6276
4511
6288
3650
2782
8738
2311
4476
7902
6511
8353
8307
4500
2294
1363
7170
5885
3281
8451
514
5170
2031
5714
5877
1060
7139
4976
6833
7104
5284
3461
3079
4034
4672
6387
700
1869
176
6584
536
4727
1114
5663
7999
2930
8060
347
1386
6414
1701
2931
4367
1509
1399
1961
2767
6143
4425
4459
3992
1284
5811
4120
2016
5124
8433
263
6239
29
7317
8610
5571
3368
3460
3170
5025
2549
7964
1712
4832
6488
8534
6662
1683
7355
7924
3663
4911
6890
8478
202
3367
2397
1240
3172
5117
2488
7733
6790
771
4050
7988
7694
7946
6946
7840
2401
4606
210
3680
8116
1150
4763
1499
4523
4198
7662
2290
6801
7804
8635
2921
5943
2412
5907
1143
6991
4100
6574
3639
895
5843
7477
3234
3431
6832
1161
6209
7822
7580
7663
5355
8005
146
6686
1811
634
2994
8628
2535
1424
2585
378
1411
7321
4324
1413
5857
3090
3726
8482
1607
1547
6442
3093
308
8129
2890
8720
2818
1833
1605
3989
2364
5315
2849
3269
1081
5386
214
3974
5656
7495
70
7783
1398
2869
2351
3481
953
3114
6335
7453
7019
2090
7474
4908
6418
8087
5432
7823
230
4446
7070
4836
865
4592
5574
6391
5244
613
3414
7275
467
7815
4543
802
8003
3109
7941
5981
1868
4718
334
5380
4347
3374
7561
6487
5564
3433
7745
4463
2247
7776
7635
7940
6534
2241
5733
1455
6455
456
2232
3284
3098
23
2615
527
1829
479
2866
2579
7283
2641
4422
2149
4782
2606
8223
2400
51
6126
7645
3776
2652
3828
489
7848
2949
4357
8168
2588
1090
4499
5065
4404
5160
2754
7691
7356
4117
6903
3814
4957
5821
2470
1946
1089
6244
6359
7414
6519
8746
3629
3986
1119
5303
3140
7184
6207
2465
5055
2252
7443
4200
7796
2059
3151
7115
6158
4615
5697
7312
639
148
2164
1123
5387
4314
194
8541
5904
2460
8233
2570
2551
6443
7304
978
2078
2509
2049
4328
1563
1580
5253
3326
6919
1369
773
1514
891
8524
7276
1643
2359
7348
7384
3991
8304
3517
4003
8052
4392
1571
1888
6148
3996
7604
272
1914
7951
6014
7883
6204
5678
4379
3439
4226
880
6537
1127
4442
3220
3338
4074
7476
878
2272
7781
7526
7134
3957
8198
2372
4221
1916
1912
1752
3900
4731
1290
283
6425
1817
1014
3939
4597
6329
6200
4402
4685
7359
5423
2682
6873
5205
6184
7722
2911
1555
7778
675
3260
768
5755
4270
4276
3731
1292
7059
7407
6374
1942
3909
4812
6058
8144
7587
1343
917
6771
1237
5906
2865
7989
2092
5927
8174
6478
4678
4941
2657
2902
85
7934
8195
5246
7549
3043
2531
502
3725
7339
5959
2431
5560
4384
5214
5512
6898
2260
1926
6474
1633
864
3937
1469
170
3598
4359
7052
1889
464
3299
2644
2693
557
6141
470
7777
874
5606
435
5242
1642
2265
4474
5659
7787
4688
8599
3408
2423
8119
31
6842
8238
7181
5806
8339
6549
418
8500
6544
5045
7030
5431
984
3021
143
4963
4495
8070
4610
800
6768
1388
2887
4153
2242
1984
5784
1448
3243
5490
4732
4800
8416
3088
2565
4426
4053
7292
6291
2006
2434
4064
5631
6709
5283
4944
287
4906
5967
7155
7005
1830
912
7908
7481
2076
5036
2819
7576
7202
6304
6619
559
138
7286
1687
3126
3981
4737
137
8530
7766
4393
3656
4955
2740
7196
8159
1517
3376
6904
2815
863
5376
1783
760
5873
3100
5617
2875
3030
2379
3341
2730
7598
7306
7129
5342
1865
8072
3351
2784
4634
7163
8553
900
4764
393
3034
2111
6911
4596
4834
8109
5734
5750
4407
3528
290
6274
8229
4982
4230
4873
4581
2936
6916
5523
8143
3628
6153
2227
3552
6764
4447
6966
7127
7588
5766
227
1705
5473
7225
8699
6733
191
4382
530
7911
4913
1460
5067
291
2124
2578
4194
1352
7686
6326
4840
2172
5822
2044
5396
3927
6993
2193
5991
6503
6661
3181
7067
4897
8147
5647
4189
2753
6116
5388
840
3112
2026
667
1380
3637
4945
8396
8282
5818
3434
7566
4482
1216
1246
3453
345
5607
2560
6788
4965
3896
3653
5723
7954
8700
2457
1855
3987
2648
8117
1960
124
6551
2640
8158
5852
2712
3473
976
5586
6629
5454
3932
5996
7674
8211
4265
3009
8465
6019
2217
3864
3148
5953
5782
3848
8261
7294
2883
6929
475
4726
3852
5745
6168
2315
5914
1387
8362
5336
1891
8014
6986
153
4978
8437
275
8303
7310
5459
5886
4556
3696
4890
2796
875
5421
7613
5741
5340
6872
2702
2759
500
4717
6553
5743
5614
1433
751
4458
1952
1008
472
5119
5868
4725
4786
3545
4761
74
2847
439
1760
7404
1129
7797
7193
8492
3180
7596
818
3609
4601
1906
1457
3850
2967
3537
4041
4273
4258
812
6133
1775
2194
206
4127
3730
5515
5665
4338
8456
7717
7131
7416
240
579
2999
698
142
5532
1856
8659
4968
3790
2664
8638
4398
991
6705
2310
899
6560
252
1839
718
3424
6164
3315
3646
6680
2122
4388
6864
738
2635
8075
756
8047
2972
723
5965
4740
1843
3209
7554
2345
731
4931
7893
695
4598
1670
7053
3580
5377
1120
3539
4183
3669
1875
8035
5911
6866
4490
1202
6039
6721
5322
4004
6380
113
7255
5787
5406
3655
5841
3287
8682
3826
6685
2243
4994
4603
1696
2063
5073
7001
4631
2632
2805
4501
1043
1531
6406
12
1564
5109
1568
3829
1982
6778
8528
2055
1867
7330
8204
1567
7536
8139
2826
5649
6731
6616
7972
4864
1678
6848
4608
2868
3768
5278
7546
1086
7982
1983
806
4228
4434
2306
678
1318
7039
5118
4587
4852
6086
6499
8215
7679
6539
4168
8502
4129
8263
1484
6602
1520
3101
4716
6084
8266
2894
6
3164
783
2630
3657
8369
4060
8
7994
7235
1702
3757
3914
517
4318
8447
993
8387
1136
6853
4525
4247
7541
5924
7357
4488
4794
8163
7160
2190
3380
7626
1771
237
8714
5856
5142
1700
4086
1001
5838
6129
6389
371
5707
826
2663
402
8172
8094
7200
4097
4412
1402
2645
4033
1784
1160
920
4586
7142
1196
2658
5619
220
6561
8717
3667
6465
8671
364
7429
7987
6700
8245
1281
6906
3472
130
302
4301
6825
1790
7522
4418
4340
235
6225
2340
5270
1108
1232
4130
3596
7668
862
1361
8545
5748
2983
4936
1370
8152
6799
730
4804
555
6782
5297
1774
3559
1201
4857
4915
4279
7380
4299
7325
910
2396
2580
2526
1881
5307
7007
8111
3202
1173
6247
4884
1027
5768
8013
2171
3597
3251
7529
443
3357
84
3908
5075
729
8167
6811
8466
6109
5152
5452
1974
3756
1209
6372
8455
281
7770
1939
671
8316
1975
5863
2913
534
5946
2048
539
3294
1554
1715
7648
1551
4008
410
4865
1362
4166
7415
269
661
7670
4630
5968
774
3358
8349
4214
4918
2804
5469
6762
8096
4706
7862
8662
6159
8709
2817
7230
7341
2235
7795
3951
2244
3883
322
3402
5068
3618
3572
3042
4823
8444
2860
5543
7846
3010
34
3273
2179
6348
7388
8428
5742
2385
3998
6060
4848
2318
6883
3566
4757
6061
8149
7132
861
8462
6813
3119
1189
3378
8324
5590
811
256
7135
2823
3925
7120
6394
1544
8254
2975
5350
689
4394
8173
7269
3921
6174
5422
260
4255
3291
2388
2329
5793
5569
7693
4563
5460
2033
5167
4711
8669
2100
2923
1487
8497
5747
7189
5957
758
3050
1859
4308
3783
554
6724
5424
601
1601
2846
4795
7368
3860
5694
5635
927
8507
1692
2436
5397
3345
6466
6787
3171
3771
2884
7761
2980
3594
535
7140
7418
2829
4285
3514
6452
7499
429
4503
8424
8221
5702
1328
2346
5111
1814
7212
3166
6224
3332
320
6645
4031
3118
4947
2334
8480
4991
1145
8241
5542
3078
3976
2625
7387
3025
3152
4197
5667
2249
3515
3654
6010
2279
5441
2786
5982
1922
5893
6631
3429
3705
8130
1495
1267
3743
7149
5786
745
4622
4111
1953
109
7466
4855
5338
2118
2917
4899
5658
5498
6679
346
2708
5425
1095
7290
3831
4901
5229
1933
5235
3253
6858
5407
7963
1
5057
1013
7097
620
7520
8030
5640
67
3156
8697
1806
4512
1632
5371
8325
5803
2266
5525
6587
6546
5900
2617
3807
3522
4406
8089
2518
898
1577
4105
1096
2728
3465
3233
1473
6823
401
3208
1262
6725
728
8668
1377
2481
7050
1545
8461
1688
4284
2537
1170
6881
2568
8203
1336
6810
5834
88
6570
7832
4135
3671
5932
5190
3873
5412
3488
2824
3018
219
5319
195
6003
1640
2237
4656
3626
8508
3636
5204
7730
2213
4098
8066
5548
5274
4639
4708
545
883
8657
7507
7589
5476
3858
5753
608
174
3701
2623
6756
832
6178
5207
2891
5362
405
414
7327
8177
8379
5500
5419
7681
1695
7579
3081
8585
1872
2296
8658
66
6248
1006
2234
413
1330
5360
3125
5426
5022
8436
1351
241
6198
3913
3645
3213
1012
8544
8517
1791
6879
2011
2137
4030
4502
7550
2962
6047
939
2938
6502
2027
6357
4185
6766
7709
3619
7071
3943
2723
8312
381
4063
7064
8213
7540
8065
1391
8001
6670
223
2611
5053
1662
6402
5313
3960
4216
5002
4986
5567
3448
4271
8133
4808
4125
361
2943
1778
3712
7293
6099
6472
507
3212
4576
8334
2259
977
7211
6611
2278
5546
349
3990
6181
3518
8268
621
2176
216
1106
4140
3490
1327
6083
2459
3505
8164
867
1586
3327
3838
6261
8532
1979
1245
6022
2001
465
5699
7446
2806
4298
4346
4655
7103
1171
8598
5998
5600
8536
6415
7198
7751
1840
5937
7220
7238
803
6206
5023
1669
4905
4925
3261
415
2971
6784
1593
2215
3891
6292
348
6845
1419
6411
5449
4374
4237
6404
5069
7106
6792
5756
5870
1338
6413
5061
925
2830
5712
4681
4498
6763
4953
1465
5034
1371
5194
7872
6280
682
8326
6693
4156
6378
7472
4938
8021
596
3564
2951
7237
3523
8559
6113
2839
4582
2872
2493
3426
6163
30
4540
3942
6550
8580
619
2039
3993
871
1392
1864
3711
5783
1042
1116
2211
8040
2404
4013
6156
828
4375
6505
4201
4881
5291
8733
1965
531
2186
6279
4016
5173
2690
8645
951
5493
570
614
1736
8527
1041
4139
3690
7915
4641
6506
4222
114
1625
872
6121
666
7119
7157
4665
7121
7660
5136
6134
4282
238
1524
5505
2165
2553
5286
5379
4927
1828
2686
4923
2761
6760
6623
7979
4506
17
3638
3744
6271
4313
2374
3432
7051
2368
965
5717
172
6179
1428
8346
2433
483
8529
520
36
6648
3733
6954
6913
8605
8078
2075
7320
2552
1155
5095
5014
1045
2773
4302
6952
1083
7183
8217
4029
3162
4766
1302
3075
3445
4831
2058
2966
7307
376
6893
873
6774
7218
8472
2284
8683
5475
4904
3724
6308
2148
3270
607
7990
4372
7062
3117
1732
3978
2161
5504
8725
8388
1037
4101
1349
825
856
7080
2525
7930
3297
7889
6048
1427
3197
1668
449
2726
3664
918
7214
452
5416
4779
8036
6208
3595
450
3689
8745
4001
5063
6403
2696
2904
2126
282
5777
2448
8085
6933
6087
6676
1949
582
8146
2091
1525
4874
6409
2752
4734
7277
1191
5997
6201
6170
1954
3132
2019
1118
161
1319
457
3471
3435
2700
4967
2720
7270
4583
4174
1065
5859
3026
5700
3753
7254
2769
6183
7962
7831
7402
5983
6798
1721
4981
5175
2332
4513
6694
2207
2012
4085
4642
3412
192
3053
3519
1247
2734
7143
5193
398
5516
8134
1224
962
6846
4780
8315
3055
2224
1931
1786
1206
5724
3353
923
8454
3833
849
5326
8175
1956
2915
1019
2719
8397
3146
5804
2472
5224
6943
3266
190
6221
2216
7287
8287
1031
249
4084
8516
368
189
2955
390
1849
5168
4365
7620
8749
5632
3369
1826
1887
7575
6923
7074
5220
7281
6647
587
4654
942
5328
3348
5348
8252
2188
4309
7748
5091
6595
7191
6475
6482
6678
8351
2447
2200
5453
8236
3464
4508
6392
8054
7180
7247
7215
7624
7821
1622
6776
584
8584
476
7929
6829
8375
992
4202
5948
5813
7836
8624
59
5934
4638
5686
342
69
8283
6512
3302
780
624
265
7809
1772
7242
2450
6747
3149
1341
3586
5984
4626
4055
5304
716
4578
5427
2000
1036
3029
2946
1163
1848
2166
4977
1329
2135
4148
7582
1511
2014
4805
4651
5916
3805
575
4231
4
2694
5680
3498
1250
7479
8443
4574
6717
6683
2314
7336
2484
6937
7379
7636
3861
1450
4433
1528
352
5917
6431
1331
4448
8547
743
3116
7917
7460
8041
546
5359
1165
1192
2325
6494
96
5824
6727
1749
4762
7258
1248
1738
4929
5972
6714
4770
3016
6480
7297
2399
643
3709
3810
7470
8113
2301
7130
6516
5451
933
7451
7687
3563
1213
7724
5848
8073
5689
1636
2140
3611
6606
1452
8636
8656
4068
6589
996
1941
7102
7543
1532
6654
6386
4046
5007
3225
5921
4561
4175
6975
847
1442
333
5081
690
3194
357
854
8335
8417
4771
2661
289
2369
5255
6298
7162
1606
480
6820
2669
7605
7273
5354
2102
446
5845
2831
8209
3573
6590
1273
3092
4719
7816
5668
8633
552
2357
6082
2505
4415
549
6135
7173
4479
7714
7698
1212
2089
2621
2566
8202
280
3382
6579
7747
7894
1231
8296
6463
7784
2905
5976
5860
1910
789
5234
7331
561
298
5296
1299
2601
498
7983
4900
4659
2776
5344
4193
4196
382
2678
5174
6722
5461
6393
4860
2854
4083
1846
892
2944
5639
3391
1073
7892
2079
7661
6044
4339
5298
1804
4291
2384
4568
3221
5079
1197
5148
3359
896
18
4797
3784
2853
6190
7910
1994
3363
8251
4109
8693
5810
1303
474
1789
5223
7914
3994
2133
7819
567
4399
4220
2261
2647
5579
3658
1149
6486
6865
2714
1658
1441
7767
2619
3320
8191
7025
5018
5644
3682
1596
2210
2616
2343
7744
1493
6053
3791
2706
7649
8374
3640
2183
2115
1430
3631
3916
7880
669
6439
8023
2269
5556
2426
5990
5587
6120
3673
748
829
6884
2836
453
7977
4846
2425
3067
2339
3735
4164
7483
7524
2889
1521
8647
4238
4428
4304
7974
3307
7485
1367
430
5189
8568
5413
7865
1219
2139
598
5010
3086
2389
6069
8734
3975
6674
8754
4853
1393
7807
6441
866
4089
6491
6710
3350
6666
1148
8038
1194
7826
4521
7950
710
7571
1556
1431
2571
8398
2440
5773
1390
7723
8155
1223
2411
64
6882
6258
1395
5754
6023
5056
6255
4424
3373
4184
2859
8344
1272
5134
5562
3570
258
1619
8750
5507
8701
7603
7881
5472
5462
8561
6804
8640
5623
3241
7231
3769
2618
7047
5628
3890
3457
491
2240
5890
3397
3603
3774
4919
8226
4577
3542
7094
5316
6336
3487
3051
6024
463
7584
4774
3872
8423
6902
5788
1767
3584
6702
3977
6370
3014
2263
8642
5969
4278
5357
8329
5365
2201
6892
7362
4344
3688
3388
8739
1989
8589
1203
1418
7952
7243
7395
8653
6777
5867
5757
5233
8485
1519
2749
6682
2132
1504
5499
2177
1569
218
4895
5495
4721
5951
8256
2268
7896
3884
2898
3717
7353
6219
3389
1275
763
3862
525
2534
4410
325
4387
8358
8752
6035
7172
4110
5306
3972
8210
655
5588
5257
3303
5433
3110
6162
428
2939
1236
793
727
6817
8151
2147
6408
6803
4261
3497
1763
6956
3936
6795
3660
4441
2998
8742
6096
8127
242
1507
6672
3381
5470
3407
6649
7171
6601
1990
799
5030
7037
8650
6585
562
5608
95
3176
1050
6016
3080
2443
2462
3175
5790
461
5862
3683
314
7992
1620
4887
1699
5925
6077
225
4623
6536
1930
8076
4443
2600
1177
8019
7539
4519
6297
7347
8022
7860
1587
6346
2639
5692
7922
117
4310
8606
8737
7161
8690
5744
4799
1996
4288
556
648
6753
2591
8612
1471
7158
1346
788
3354
6150
2559
8091
203
2626
3677
3608
2758
8677
1005
104
4160
7494
990
817
658
636
2468
2323
245
7702
6051
7337
7471
8332
5975
3060
6973
2672
5087
726
6501
4096
3267
4551
2066
1582
6857
5129
3074
8409
7558
6006
4052
1850
4617
4824
7680
1021
4162
7049
5153
7759
2705
6351
5417
6965
3875
246
1072
285
2478
7564
4661
481
4245
1204
488
1464
7192
4677
1816
599
7572
6377
6582
649
1581
1958
6049
8590
3167
5463
4858
4431
538
7473
7511
383
6251
8219
1500
3296
1542
7703
2959
6978
5243
7669
8126
1293
3544
5254
2687
8274
4830
4539
4807
6621
5928
5161
2277
271
813
2772
3242
6395
3323
7628
3428
8293
1680
57
6997
4341
8122
8171
8721
1936
1934
8399
5537
1706
7381
6638
3036
1976
2498
1288
94
5458
157
8095
1075
8136
7801
4902
3568
2777
173
5466
2419
1754
2184
3427
3235
8430
2367
5076
2382
211
5128
3246
2394
1482
3113
5151
5385
906
1084
7352
6878
4360
7878
5679
6632
913
7692
2142
7656
5695
7150
792
6054
8183
4320
45
8549
3906
87
1744
2203
2527
2464
7753
2358
8046
6317
6254
1552
1505
5796
6193
4527
7608
1998
6290
7174
6580
6618
985
7565
5510
2533
8619
3157
6949
2976
6836
1698
8440
4348
5395
7537
5599
135
3620
8646
5221
108
576
8522
1298
8308
5716
5418
1969
5356
4999
166
3795
2125
6715
1061
4032
7965
7344
4106
4869
646
3507
8104
6689
1673
3540
2762
6958
7249
8629
668
8724
2592
3330
5138
2920
1475
6095
8666
6816
2564
5186
4169
816
2574
6390
3513
8453
2612
8412
2106
2689
2729
8735
3138
1485
3352
8309
7775
3565
2373
1115
1049
2790
1280
4696
522
7010
1496
5373
2105
4167
7085
4342
8490
7798
6435
8108
1295
4364
5337
5369
5282
4643
7838
1011
2287
4847
2080
4493
1878
1184
3035
8475
6769
630
7697
5891
8140
1458
1943
4697
6257
921
37
6807
8560
1304
5529
5366
3276
5682
4492
4871
7851
720
2986
4218
3097
7856
1853
7305
5191
4565
5643
8563
8337
8442
5770
1047
1902
6643
890
3924
180
1709
118
2895
1708
1420
4549
6428
3694
471
5949
7779
4827
8611
1410
1276
8199
1313
5903
1309
4019
775
3289
6985
7145
5110
2275
7168
2204
5071
3130
7390
3739
569
7600
4118
6669
8515
4389
1406
7164
1491
4668
4021
4579
6968
8706
5554
5172
5256
1033
8661
3508
8747
2300
6576
581
2490
8371
8079
2848
4179
1046
3534
468
3255
6652
6671
1444
2112
5031
365
4312
3777
8403
3044
3285
6295
4585
2629
850
441
4996
1279
2239
2008
3183
5977
3687
616
8711
5077
2013
6323
6105
1672
4979
8438
5029
1274
1951
6609
1753
6880
7570
6578
3322
7489
3926
6025
1476
7061
1649
5158
550
1265
3479
8125
1104
3520
2713
8564
4658
7806
6992
3503
8083
1389
7475
3684
6453
1470
4813
8551
3587
1665
6918
3104
4303
5178
204
6161
6361
7217
1368
955
1489
5739
8643
3158
995
366
5751
2942
1432
2718
7637
8237
408
7017
6376
1803
7689
2832
8382
4964
3006
7441
6270
2858
2483
1561
8031
7069
7903
7268
3902
4036
6033
6555
353
8230
7328
5758
3312
6294
4119
6476
6440
708
3571
8550
1497
4673
6112
7501
8601
1405
4002
5435
7858
5861
6032
6315
3203
7810
5383
209
1058
8145
5320
1727
6963
3591
3150
8069
7151
4246
868
3732
4632
8410
5621
3450
1239
2840
4048
2536
6073
1474
7956
4486
5591
3965
4321
2347
638
6984
4281
1970
6070
922
1927
680
8205
7442
7847
2953
2230
485
4530
4969
8006
3702
2094
904
2421
2510
5107
1101
53
1266
2255
6931
2857
1919
7093
7969
6900
553
3154
354
5526
3417
2219
4609
2085
1105
8102
1898
7525
400
622
8028
5335
1759
4958
988
2751
5776
8380
5121
5634
7625
5677
6960
3416
3425
6871
749
4504
952
4077
706
6565
1077
5275
6696
5420
5430
5931
1256
2477
8594
4842
1999
8546
5212
5721
7229
8405
2809
4920
8627
2523
3823
8062
6912
6562
4816
2409
1366
7843
3579
3755
5093
5909
4181
4408
248
5488
6266
1780
7046
712
3325
2763
8665
809
3592
724
8350
501
4405
3283
5150
5826
1068
7043
6093
7042
8681
6640
1576
7812
8148
7285
6936
3836
426
7279
3370
3746
1199
4844
897
8330
1834
2507
4781
4286
7654
8557
1009
1787
1412
2084
7349
5260
4960
1385
6593
4224
1271
7206
7771
3495
3578
3970
6382
8049
3985
2624
5105
8663
1439
1844
182
8051
2844
4137
8510
6277
4802
1423
8246
3567
3145
6005
2969
2992
6646
1757
6924
4553
358
8363
2072
5791
929
2979
663
8306
482
3393
1723
5622
1879
4662
2816
8504
3582
8024
4619
5480
3555
3496
421
5864
3491
8132
767
753
7084
5200
8604
4056
4954
3915
2878
1404
2896
5988
8110
857
5381
6043
3917
3111
6240
5962
1503
8361
7757
7278
2651
6856
5292
3321
8002
5445
3693
6639
2974
6740
1522
4783
3177
6166
197
8736
6196
672
6220
2575
8394
1230
5455
3229
8112
8107
3179
3892
2842
5287
4995
5434
3548
6974
7013
1530
1793
853
4010
6107
6656
2187
1992
618
1324
2594
615
4465
3210
2794
905
3405
879
3008
3438
617
2324
6260
4067
331
3064
4880
3562
7024
6136
5759
3674
8391
590
1488
149
7057
5772
5602
7412
3095
4188
6205
3040
3786
7020
6041
516
4487
3033
8258
8364
7567
7072
2750
946
2466
4784
4788
7849
4385
5559
4062
6586
473
7105
61
6152
3141
6343
323
4928
1907
6217
934
5660
3076
2415
8313
6889
5544
4664
589
3512
4686
8197
3442
1144
6847
4232
6485
6808
6791
7569
1991
7186
503
6012
4703
8651
4683
566
6000
11
6154
2807
6468
7818
2034
7111
6860
7100
4292
8607
4229
6681
4417
7350
8704
5001
1639
5575
1251
1697
4325
1056
5731
3804
2370
5082
3385
5853
2069
4675
8220
1860
6281
7578
2810
4956
5415
3903
1190
943
5655
4322
1557
3871
4113
6002
4011
2338
145
2925
3254
1729
6630
4514
688
5084
6322
1062
950
8509
7226
86
3606
3052
3475
2487
288
477
7266
1300
6691
5994
4518
2281
998
5428
7329
935
1396
5850
7835
6707
5210
838
2743
8608
6283
3196
2335
2906
6566
7122
4345
3048
3001
1113
305
7342
5577
7082
4972
7490
4154
5547
3561
1704
4205
5363
7403
1445
92
6796
7993
5325
8732
2486
7623
1566
4330
6855
605
4993
3362
961
466
3031
8319
7870
8234
1269
8727
4633
4916
5585
3633
5216
5809
8655
6600
338
7597
4743
5992
8354
389
5358
3521
436
5
2160
2157
3082
583
2882
3058
5971
4760
3045
7334
4739
4666
5166
8305
7716
1618
3
2850
2771
5085
306
10
2062
8328
1426
2052
4778
7251
2473
1088
7487
332
4646
4569
1894
160
459
7298
6330
7267
6115
6473
506
2961
4358
7510
1993
4386
8262
3947
1048
6456
1092
3649
4027
8322
2557
2114
8298
1794
4315
3452
1242
1836
8552
835
1501
8459
3324
3787
7360
5225
4692
4854
654
5807
4839
5817
5329
4975
6299
3256
5722
7938
2452
7411
3536
3108
8077
4660
1877
7695
782
1174
4590
2736
2365
7671
2024
2439
5541
3824
6059
5847
1018
1436
177
4146
5054
6293
5938
7789
4701
6794
8289
1980
399
3817
2692
7530
3830
8317
8300
1214
7841
6695
6314
3870
2947
6528
386
7782
6636
4505
1451
4287
6171
4457
4296
336
5263
7314
7234
5625
3201
5506
4522
2922
2766
5973
8620
6284
5923
3288
7827
7436
1287
6332
1574
4037
766
959
3816
71
2438
3949
8554
169
6046
5047
7177
1342
1895
6138
6840
97
2047
7006
1183
6944
6457
6875
5016
5711
6556
6381
7208
1583
1093
3038
7256
316
1693
132
1770
2666
1494
3979
4203
1667
299
2185
3675
3228
4712
4973
1059
2053
3541
869
3392
5669
2231
7461
703
1128
5609
4000
8419
7667
7506
3295
4510
8506
4307
8626
8359
5897
6500
4769
2722
3758
1646
940
3499
3941
7425
2451
4809
1078
1135
46
6252
8253
4875
2901
796
5894
709
2991
5792
2567
6412
936
351
954
8407
5670
7503
4801
1015
5177
3135
5797
5952
744
686
5059
677
8011
7099
5840
1719
7760
5331
341
7014
6458
8404
5332
5842
3394
3763
5133
1449
7262
5626
6127
6983
7124
458
6971
5051
924
7398
8373
6479
3390
3837
4670
3174
7040
4815
1195
1074
2123
4396
8489
6147
47
7112
3843
1553
6969
8652
7205
3463
3068
3173
8476
3011
1032
7555
7393
547
4889
1572
870
6998
330
7712
5728
6427
6939
2445
3811
1713
3187
5024
6569
2609
6451
4806
5737
5197
5565
5820
889
2748
8008
7044
3061
493
6559
7652
4165
5409
2361
6262
7907
6708
3764
1535
175
981
5671
4922
3718
8431
1254
4227
2010
5613
6637
3144
764
4990
1600
3340
2
4896
786
5568
674
6124
5933
5961
6020
2803
3722
4334
7875
427
5880
4300
5019
4336
652
7060
670
3120
5271
6849
8446
4837
694
3155
1023
6554
5353
5140
4462
164
5236
1378
259
2307
6635
3713
6526
2996
8138
163
8162
2907
264
3929
3364
385
3773
231
2336
7715
701
7261
4368
1126
8460
3961
8751
5247
2383
6736
1886
6967
1446
2273
5889
3314
4604
8421
2143
2808
1094
6088
6230
8520
964
8276
179
6605
6447
5558
6899
4473
105
2471
999
7136
4584
5437
7313
2077
5598
2744
7422
715
5539
1602
1157
5871
2673
4380
1052
8284
1762
1296
7647
2778
5855
5321
68
6328
2042
2863
5651
2327
1660
5935
2928
1548
3349
8377
975
7323
3259
76
6008
3845
1560
5708
4249
1899
8327
2681
3002
4951
7491
6321
1948
5351
1728
1100
6604
2057
7720
6754
1911
16
4714
2834
1310
4793
2117
1908
3328
8660
846
2781
7095
300
2540
2727
902
7937
4970
6568
2299
8367
2110
7981
4910
6785
6071
5780
355
2595
1079
4946
228
860
6809
4898
4640
3502
8691
3668
5144
4331
6657
3199
1347
297
8012
6577
2770
7980
4449
2494
6607
7159
2964
4058
2880
4952
6366
1935
5066
5650
7055
3317
7386
6030
7791
2814
6142
3920
6558
972
8715
419
3237
411
3462
3853
2258
8572
5005
791
1317
2497
5789
1647
657
524
3948
2197
7790
5039
4466
5752
3531
2900
5132
1703
4599
4416
4483
2174
2864
1311
5050
696
7117
2649
4667
2146
4091
4190
40
1832
4455
3839
8207
2982
4550
8445
4818
6145
2155
4294
7493
3905
7147
1769
7311
8187
681
5196
4733
2885
702
1825
2605
7502
1397
8135
8581
4748
6354
7984
6009
1110
6272
7372
3134
7622
3600
6420
8074
529
2209
2952
4150
2697
5484
4082
4509
3282
937
5280
7227
754
6867
8613
4351
711
7241
7928
7514
7482
1945
564
340
8685
746
4751
4028
6334
8566
6831
6583
2449
1137
4877
425
6068
4722
1947
8029
1348
6140
6876
600
1798
7383
6090
6523
8227
2517
1038
4879
1268
4264
7449
3685
8302
4217
778
5080
4533
6368
4841
7123
931
1764
7318
6433
8200
5267
254
5521
4272
3529
7427
6373
4614
4054
82
8295
8471
3933
805
6461
5974
141
6571
7450
2254
5414
3550
5154
7906
4219
1417
515
2825
3244
5295
2169
6301
3022
577
7462
3630
4934
8244
1739
3298
7957
8730
3217
232
968
7786
3020
1355
1462
1818
5520
7864
3371
820
886
4489
5878
5876
8235
7016
2791
4572
6750
4552
4204
1883
762
2198
4885
5401
2319
4107
1138
3692
5106
7219
8573
6591
4768
7077
1944
1905
2025
7653
3741
5349
588
4796
4014
77
2638
8206
3469
3785
2362
4215
2248
3556
8548
8434
5492
4746
7866
7534
5729
3245
7203
2908
3230
2879
6063
215
5683
5327
3819
392
27
6215
752
1810
6226
478
6349
7544
909
5126
8255
6422
1558
5100
6896
2485
7583
2151
7918
2180
2331
7065
563
6214
6285
5017
4195
969
5308
5009
6914
6367
4176
5402
4819
6626
7399
7586
5123
4693
3386
4102
5157
5545
5958
6699
997
3227
777
1017
7478
8059
653
6751
5563
8182
4144
4414
919
5684
3400
1609
2788
2715
1950
3133
2926
6948
4436
8695
3738
3236
3798
8577
7469
6658
8280
3265
1215
6877
7309
5062
3056
518
1724
7617
2342
3301
4862
1375
5264
4570
2954
7284
8086
2886
268
5145
7088
6339
4933
504
107
3477
8370
6495
3129
6713
2779
6079
2573
4377
3226
7378
632
3206
5522
602
3489
7532
6365
6449
1694
4909
5572
1158
2558
6353
5008
6780
6419
438
3820
8718
4012
609
6055
2855
2835
3231
6999
7830
1055
7092
1354
3127
5089
6191
6384
6238
8616
1603
3589
7324
5392
1808
7639
6513
7431
4555
4350
2981
3889
1920
303
7634
676
1550
4005
2802
4094
3576
2192
8392
7301
5324
41
4371
1549
1264
5993
4961
8017
1663
8630
2924
6532
6548
7433
7769
5137
1612
344
3106
4283
932
6852
251
6735
4453
278
1717
1463
3624
7991
2280
1923
610
8193
1374
328
2985
781
8705
6212
3041
1962
3238
8042
6531
7855
4607
3832
1851
6211
6651
3846
2684
784
6818
7633
4618
7792
6615
3346
1210
5179
5113
1403
8676
6970
3195
3422
1689
1244
7752
5872
4241
4104
7253
540
80
6074
6306
7919
7391
5202
5540
5942
7710
4427
359
7056
1915
486
1187
13
3279
4223
4647
2427
1610
2226
757
5159
8239
4180
4767
3103
7699
3275
966
5919
4541
5594
4155
4741
4073
1918
6072
3621
3486
7437
3122
8180
2688
5769
8722
151
4828
7863
2935
4573
4529
1117
4811
6497
2074
7166
3959
2741
8479
2054
3770
7900
1372
6269
7808
2479
5675
6723
2330
391
6364
5334
3089
58
568
6843
4621
7113
8667
26
6405
1897
6765
5096
5389
7677
5269
5232
1626
717
5844
1025
2432
3602
4684
442
5950
1477
8189
5027
5004
6773
3772
6603
5830
2556
855
1099
7545
2168
5833
4870
859
5881
7035
819
3023
7497
1650
3342
1925
455
52
6886
5902
7423
4116
8533
4290
5309
2064
5182
5442
1217
2312
7882
7512
5550
55
3077
2341
2366
3707
2627
3015
7375
2096
3887
1756
201
1735
1809
3934
2271
7641
585
3610
6234
360
603
7879
7533
4980
4785
4868
1599
3012
4564
5411
3659
1147
1686
6430
1222
1714
8381
8120
3530
7735
8712
3278
2145
5195
7003
126
8562
795
3815
6581
6716
6429
4653
637
8565
544
315
1604
8160
926
2181
7948
7750
4698
7943
5199
6908
1592
4163
8592
4253
2005
7144
1959
6076
7861
4025
3506
3897
6155
1648
6824
4440
5448
3377
7912
4538
8118
2205
7986
5732
8301
505
2245
5122
4114
3813
7542
6344
3500
3446
4742
6398
3569
6026
772
4143
7916
4022
2856
1929
267
7517
3247
2674
5581
8270
6633
1773
7308
6287
2945
1743
1637
5854
7023
5141
1211
1252
1010
7090
1627
2461
3857
3072
2302
3005
2675
3967
1260
2348
1885
128
1795
3938
1054
6962
110
1257
5201
8713
2833
1541
6530
7371
2699
1400
6151
5941
8684
6510
4544
2970
3703
1301
6228
3334
1685
7799
3459
6815
1016
1263
4893
2506
3575
6988
8740
8579
1394
1030
7397
7729
6231
6345
1857
1512
5805
7216
4450
6309
7531
1543
3801
876
6588
6305
2597
2297
8452
4081
884
490
7370
2221
6169
339
5238
822
492
665
6471
8512
5086
3642
327
8141
139
7519
2622
5898
3666
250
4438
7351
2821
3720
3546
4020
6417
2390
4888
4007
1000
2628
4537
2837
5398
8464
3360
8496
2583
7800
5012
7609
43
8692
447
2128
270
4366
7664
8458
511
4571
4628
6467
1323
4989
2871
7027
4363
3557
4329
1286
4093
6426
1987
6160
7527
4383
3139
4829
2950
512
810
2021
7467
7430
7610
1679
815
4924
3309
3625
8649
8644
279
5940
7079
2298
2403
7400
7901
7063
3901
3809
6894
5979
3454
3827
6175
8614
2912
4835
6920
6793
3274
4158
8264
171
8176
6684
4293
8587
5674
7921
8426
3866
309
1827
7333
8600
8058
1981
4914
8347
1779
7574
111
1539
7665
1758
8689
1538
5261
4988
970
7813
8228
1188
5230
6665
7568
8707
2441
7518
4173
5513
3504
262
198
2288
721
2220
3923
3876
830
7909
8514
3882
2018
4468
8123
431
6525
8294
5339
3084
3258
1617
4352
7705
106
7153
6229
1226
1039
2522
8214
2413
8390
3574
513
1725
7419
7793
5774
1822
7480
4729
2677
3704
7971
1964
1339
8406
7496
301
6489
5945
5913
7465
2642
5555
6089
310
2783
6331
1322
3708
3734
5895
6821
6347
8729
8341
6660
2965
2392
1588
6438
5849
5192
5000
4738
1243
3644
8181
7850
664
2430
8154
4689
915
6659
4356
3878
2320
8157
4090
4009
6644
8360
1966
75
8609
1401
8654
7045
2416
2801
3532
4810
5666
6749
6961
4682
5936
4042
8395
6097
7004
3249
8366
6564
2408
3211
2668
7884
986
2082
8208
6728
7364
2424
101
7175
6139
1486
594
8348
5042
1901
1258
5779
679
2158
5551
4602
5549
7616
1205
5749
2109
1175
2257
4131
8513
4142
7438
948
6663
7201
5827
4243
2968
6668
8071
8741
4044
2073
5882
8578
7852
7627
5241
6337
1312
6286
312
3339
7642
2410
4593
5288
7560
1565
8034
4159
3218
6110
7967
3409
4248
8142
1611
7199
1381
5735
6186
407
6149
4151
5070
1677
5083
5163
7944
6655
5400
1546
1335
6385
6770
5761
255
3794
5375
2919
6243
2941
7868
1801
7696
5011
8595
6617
7824
3881
3919
335
551
3333
7833
3911
6210
1716
6038
7207
7535
6125
4814
3899
1249
7376
4236
1880
1097
5125
7031
2918
8583
4679
1841
91
5026
907
7265
1628
102
1866
1193
1884
4926
1416
8698
2326
2144
2233
2704
208
5289
6781
4820
8311
1007
19
3198
6612
1316
54
3577
5955
2295
5184
4491
8106
4211
2313
1537
155
3185
6223
750
7245
5222
2130
2170
2199
484
2037
7075
2662
1350
2482
5664
5954
7257
1345
8004
7447
5654
2737
1146
6358
193
7401
4134
8481
640
8558
7655
2698
1076
6940
3869
4079
7927
8435
3880
4435
5624
2363
4983
6303
8596
293
6462
1676
2765
5209
8753
2238
6742
5074
7615
184
3423
1664
6264
1661
1154
6909
3767
7295
4907
2582
4575
1227
974
5391
4822
3588
5517
8222
3406
6538
7556
3982
8593
5043
5104
8469
1228
1968
6552
434
7629
6363
6527
7457
6416
2136
2113
3792
6957
3678
2914
6375
6767
2316
5778
6625
4657
2099
205
1682
8285
5612
7740
8178
2395
2656
3193
4754
6734
5715
3695
2291
7248
89
644
4856
5146
2225
823
5330
6806
5989
3165
7829
5616
1365
707
4239
785
2050
2680
2469
5960
2156
2862
178
7945
4267
412
7289
416
3415
7358
5390
5536
8498
3248
4460
3401
2398
7825
740
73
5704
337
5361
2208
2360
1988
7756
7000
6522
8179
1492
2202
3963
5312
8260
8098
6195
8591
2978
6094
3159
7551
2356
3049
631
2191
7109
1896
7996
1080
5501
4728
5552
2035
1166
5947
1438
3003
3627
1802
6325
3670
4274
4594
4023
6484
4580
6628
4124
2246
3613
81
4277
877
5262
5785
1340
4369
3387
4496
759
2218
5693
1356
6917
3721
5345
3094
1598
5088
2093
2515
3178
7643
8588
5939
8084
1466
319
4280
7811
8486
8242
7618
7923
7672
2028
4935
3983
7492
4471
2792
4635
5250
801
6341
5999
5231
3470
4306
7985
2512
4161
4959
374
7707
8702
5228
3527
7165
8124
1026
6424
4437
6533
4971
1506
3168
7966
372
6720
7086
6355
6664
7083
4985
3306
4208
7631
8088
1325
6498
3859
1579
4192
7591
3250
2637
7688
3737
4295
129
2561
2119
1635
6081
5701
7612
1584
5494
8016
370
5884
2504
6869
2116
7233
7960
1820
5090
881
4833
4327
377
5509
2910
2007
432
7976
8161
5457
7138
6445
3483
5474
1591
5239
6739
4268
3727
3863
1876
2654
7392
814
2256
4072
6362
5044
4112
6122
2020
4212
367
5502
7272
7028
7463
3436
4256
24
8499
8273
6117
5944
6119
2893
7607
8188
6031
239
5720
7128
8259
542
6947
2725
2454
1459
5764
3867
1903
4648
362
4645
7114
7210
2086
2988
4177
7595
6932
1730
5816
8103
4451
3607
3984
3347
7032
2083
6545
2845
6786
7630
4650
3004
4789
1181
8491
3599
4745
8297
1333
7367
4516
6737
6703
6483
1229
5185
2780
6850
2746
8411
1534
8190
3946
3492
2305
960
3313
1164
4467
1306
2993
5709
1575
3742
5580
3834
2548
8526
1858
4354
3835
769
2061
6779
6114
3940
6592
3344
4210
5912
1594
957
2973
2289
8056
7498
3818
4775
6421
56
3300
1435
3958
4531
1057
7299
4251
7888
6979
7505
5112
60
6173
4878
35
8378
3494
7315
5746
7454
5156
4454
5219
6052
8385
3782
4620
1200
2785
6194
4361
3257
5681
5760
6064
7459
1518
7743
734
7890
2514
4432
2596
8538
5252
4080
4069
887
7116
494
580
8586
4199
8314
6575
5285
8365
6748
1133
212
5120
1064
3293
4171
4843
3796
5408
8422
5127
1004
4343
5691
4040
2159
5596
4049
3966
6015
186
7844
2015
6812
6941
3384
2056
1631
5718
5710
5171
1307
6775
8257
1781
2422
1655
3153
4128
6278
1124
5978
445
3716
2274
4560
2503
7363
8728
3047
6275
1681
6410
5905
2800
3215
6042
7726
2581
243
5800
4497
6128
6080
3543
2633
6388
6835
2695
7484
3549
4546
5323
8194
1659
4710
2333
4567
5726
6915
1297
8441
1674
5503
2352
5883
3995
7015
6905
5929
611
8484
1407
2474
3232
373
5781
3062
7754
3752
1186
6218
8137
4758
236
1344
6822
7188
2321
7087
1218
1776
1498
7209
7737
2391
5041
2097
5825
4636
4206
5727
7581
510
1613
6091
1623
2045
6188
3163
7413
6379
3372
5815
5703
8232
78
7876
2317
6092
8050
2874
4409
8641
5403
3399
8540
911
3478
697
2386
4562
5115
363
8092
1842
1153
5440
1360
8400
3806
6165
3142
848
8710
5620
5130
2733
8748
7673
2867
7925
83
79
7455
7232
662
5535
324
5015
1440
8288
8511
1130
2253
2376
808
1510
7340
3105
2593
2576
3329
656
3070
6017
5538
8639
858
5899
1383
1305
7975
4940
833
2927
1614
3797
8420
3356
213
2520
5226
131
3087
4535
8743
6067
6517
2524
3467
7048
5705
3800
4949
448
5404
3765
6034
8571
699
5823
103
8384
7228
6928
523
3017
3851
1102
1821
1415
165
8415
3308
7961
7762
7886
5003
6758
6493
5305
7638
6515
3189
5956
8082
7420
2555
8744
3383
3962
5837
2499
395
625
4791
3997
947
761
3430
2739
6407
5479
6324
1443
6990
6927
4039
5497
645
4866
8184
7802
4526
1882
4867
3802
8535
4147
2598
2541
3928
6745
2822
2349
5471
5217
5657
7137
5131
6547
2286
6241
4066
2827
8414
4207
3268
7780
183
6613
3316
4057
4709
1169
2489
5802
8432
5653
5730
1711
4038
1178
2129
2532
397
1291
3661
3971
3458
1630
3096
7089
7300
4087
1289
6514
7508
5839
6232
3747
6182
8185
901
3748
571
1653
4545
8240
7078
3366
2309
7434
8093
8555
5630
8543
6743
1874
4452
4704
2742
4335
3271
560
4378
2167
7073
8114
3437
5910
6895
8224
4470
3525
8632
3115
3952
1937
1321
1125
2511
1527
6360
7302
5465
4825
2458
2495
5487
3877
1111
1408
3272
8128
3137
508
7837
7335
7011
7440
2264
4478
3749
7406
7774
6369
2589
1502
2538
6203
1320
4787
1233
2236
5672
4777
1629
5370
2789
6460
7382
7619
123
2634
7018
4756
1796
6675
6399
3102
2710
6056
4600
4326
4997
8269
765
1409
8310
2428
5317
1745
7008
3336
8265
4883
6245
8523
8495
5188
4517
8333
7995
7021
7239
6819
1873
2614
6434
2138
798
4071
5966
6103
6667
626
4591
7727
8331
1616
1782
2206
1890
790
6653
7
2414
8027
7959
7486
8621
2276
2960
8281
417
7374
742
2127
5310
4588
3593
8121
1909
5265
6704
7096
5438
824
7935
741
116
7764
1481
1904
3216
2371
4669
8278
7932
8425
6863
3799
1024
6557
592
8243
1159
2022
3980
1107
3825
7322
2508
7516
1797
1508
127
4691
8567
2437
403
150
2023
6490
5533
8000
5725
2444
2442
62
6432
6352
2544
7557
7326
3632
4332
3676
222
120
6732
4289
2283
8531
4485
5641
4765
7500
8376
8679
5382
266
3973
1932
3190
1807
7820
7874
6509
5604
6827
2068
4966
2098
2963
5851
4803
0
284
7719
8427
1608
5908
2354
7385
99
4263
5736
4108
4186
612
7426
6448
3252
2903
8648
28
5618
5162
3280
3604
6007
6634
4611
5405
4078
6253
6437
2691
1799
2820
4242
3404
5696
8169
8043
5719
115
7970
5277
1973
7303
8033
1938
673
3511
7738
4260
3715
350
7185
1924
1221
3922
5245
387
3547
1337
4850
6282
4547
5290
3205
7246
5046
3418
6540
1734
8063
3191
6102
1253
6573
21
6910
3107
3665
8625
6037
4790
100
8603
3451
3686
8156
604
4930
4998
4723
3868
7828
1747
7845
3310
6844
2051
4047
7458
2757
8731
7288
1179
6874
4720
2173
5576
3808
4876
3745
7794
7676
2463
8292
7282
5801
2881
3292
4690
2987
6310
5534
7853
5638
4702
6029
4043
3466
4736
6959
1838
3123
1562
3290
6729
4515
7373
7666
497
3945
375
5037
404
3778
2467
93
3204
6834
827
4524
5985
6598
6176
6862
6995
2683
2547
691
7528
8192
1707
7644
2003
1131
8570
2304
5343
8020
6246
3395
7788
1731
6996
2120
606
1671
8575
1971
4461
736
4122
6980
7452
4776
7033
5346
4099
292
4903
7296
3969
8494
7396
8703
5763
1963
8010
3441
5394
2387
2671
3516
2502
3988
3999
63
1384
4333
650
1967
112
3024
5444
804
5652
5930
8318
3331
7152
8053
8670
3793
8519
851
8537
6838
3057
2665
4950
2679
3893
5491
2977
1053
7521
8345
7734
5662
2353
2660
1028
2711
3821
7026
3128
5593
7377
7942
5896
8015
903
2040
3751
1862
1805
7468
8680
945
4259
2107
5610
941
6930
1020
1847
3898
437
5410
4882
739
7601
5102
586
2989
4444
6567
5259
8687
5637
6797
573
647
595
7034
5347
3396
7444
4566
7594
8473
5028
732
5240
5713
3085
6599
4680
2195
8352
2798
6011
5311
6772
7704
8356
6250
1040
8150
3968
6761
8401
3612
329
2546
1429
6237
433
5203
6187
4370
967
6854
423
6235
4652
6213
2562
4605
4317
5393
8338
3361
1777
5149
5918
3186
8039
4419
2852
6004
168
3419
6273
136
5374
894
8389
1483
1792
6180
4863
6177
5208
5181
1447
199
1823
6066
3886
8067
2121
807
5661
2997
1198
4403
1241
4051
623
1162
6356
7179
2603
2775
3781
5846
6118
1740
2282
7939
5103
8216
8408
5249
3421
4262
207
2322
6185
591
5272
1720
1863
469
5446
6265
5627
928
2721
2934
1913
956
25
1134
5021
3224
4939
2937
3533
5116
4845
8131
8032
3854
7997
7148
8372
5368
6594
1434
3912
3091
2344
5995
8286
770
2492
1208
5294
8467
6950
1152
5302
307
4182
6922
7204
6926
5531
2610
4305
7316
2787
6738
7742
6242
6521
5819
6167
3455
2418
8393
4464
973
1634
2435
3762
6001
8448
7365
7263
1472
5795
4469
2957
7098
1684
3918
7012
5251
1071
7108
4420
2251
2956
2659
4187
7250
8622
4353
4984
1641
3560
3622
6021
7221
6172
1207
8343
2292
714
6687
4735
2745
3337
7456
8615
3219
659
797
755
8291
2496
7599
1871
2046
7877
4851
5072
2163
6036
6921
6216
537
2897
7768
2222
2599
705
3468
6744
5874
4373
7891
4859
3264
2732
5483
1940
4355
1294
2797
2095
7755
1644
7592
6976
6496
5101
1270
4917
8493
2812
7515
6596
4397
1176
4275
836
6673
3000
4133
5875
4136
1238
4157
1044
3240
7195
4534
1029
5481
7931
5603
6130
158
6826
2420
3286
1559
1003
6620
221
6481
6157
5915
4713
4694
495
6712
1624
5468
7222
1308
7280
3728
1741
4411
4695
4557
8355
4362
1326
1785
8518
5450
6504
3032
779
3379
3411
1523
4894
4817
8165
6268
8323
7678
2223
317
2070
574
196
2747
5114
5888
5299
5020
3736
4254
7559
5318
3305
5094
1955
4423
2308
5814
2476
3262
4045
8272
296
233
7264
7955
3482
6249
462
4456
3535
2539
787
6520
234
3558
3585
9
4507
8450
5835
7146
5582
4439
5187
277
3027
5478
2043
3964
7904
2067
5049
4724
8081
454
5013
3059
2958
8503
5831
4595
2584
2036
4234
7913
722
3398
6524
8249
6040
1589
4209
406
2141
3554
5364
4773
6697
2701
3524
7905
2755
1141
5592
7513
451
7409
1536
4026
8097
5176
3449
1480
4481
5206
3710
3147
4705
1082
7926
1225
1151
3410
253
8007
6741
3403
2131
1063
2717
8569
4912
4138
6608
7187
50
6610
4616
852
6507
6994
4872
2375
6692
7998
2572
5218
5922
5858
8321
3944
3443
2521
6800
2081
5690
6891
683
2799
2653
1751
8099
1421
2731
2153
6111
6444
3672
7936
4035
98
7590
5058
188
1002
3697
7842
7291
7523
5629
4921
7538
5605
4886
532
2500
6312
2065
3635
8468
5060
6450
7405
5828
273
4178
3681
2002
8539
4715
2108
7054
6316
8477
3714
8048
5527
521
693
6805
6868
6945
394
1382
5276
3759
733
3054
7562
2513
3789
4942
8574
6837
1766
4752
2793
2032
1261
4948
6755
5530
7274
6302
185
3131
5987
8170
187
2995
4429
908
2838
8231
7552
1995
528
3200
1765
844
541
7585
5528
3121
3447
8090
1098
4730
3691
3222
4891
1718
2355
140
7488
122
1615
6542
3063
5980
982
776
3039
6698
7887
7182
2189
2643
821
5865
154
4892
7700
994
7713
4528
651
379
1332
3623
343
526
5399
2491
33
4170
7897
2569
5443
7369
3615
1035
7803
4838
839
8688
7920
4024
3617
1972
3192
7834
7659
38
7167
2650
1526
3083
6296
7640
3930
7240
8618
7947
843
4316
5097
5866
5486
5155
6977
2285
8153
3634
6839
8597
8602
3788
4755
944
2350
1813
6065
1259
6964
3160
1437
1928
5496
49
3856
3647
229
1422
8201
4391
7621
5169
2530
6464
4017
888
7156
6106
1540
4861
304
5248
1456
5227
8025
6289
3319
6057
6888
2735
5456
2150
44
5519
1755
2041
2685
7394
8336
2134
2087
133
4699
1085
3888
1220
1666
8196
8664
4395
121
257
6802
5583
7736
4992
8429
3780
6614
4637
6477
7346
7958
5333
6108
8696
2716
4674
6861
1651
3069
2009
2175
3343
1315
597
1621
39
7424
5281
4671
3046
7176
2861
3375
1737
4750
1573
4233
6757
3277
633
247
8470
5561
3954
4536
4149
2250
6383
2608
1654
842
3037
6901
5064
7749
6098
6350
2455
6446
4554
6718
3700
7178
4225
2270
1022
321
2162
2446
3239
3935
2948
7785
5676
15
5164
8418
1234
2303
3907
7563
5439
6256
2402
4349
1087
6955
5633
7133
6953
8275
3590
7504
2429
8186
5165
914
2990
147
2888
3895
8723
274
1726
8218
3355
2631
1788
2381
3931
5648
7732
380
7725
7223
834
5258
1529
1373
3493
5352
4145
5557
4826
4663
2916
7978
7973
7366
7758
2519
1675
6027
578
7066
4244
5447
499
2417
2828
6987
6982
6423
1132
8576
2587
3648
5887
6907
4625
8488
20
5341
8631
4115
8637
244
2101
3879
3071
2293
4943
5762
5799
162
48
7867
2670
938
5293
6307
3553
4092
4311
7721
2528
8018
837
3456
7899
1656
5139
6267
5367
831
7593
1478
1034
7898
1454
5384
8290
5211
2407
1359
2613
2393
4088
3581
3616
1172
5767
2676
5970
5108
543
7118
3651
6972
5268
6746
42
3719
7029
8755
384
2724
987
6701
1761
692
1690
1917
1722
3761
3066
6327
4932
1824
4612
3855
3601
7197
8248
3065
6885
5836
3865
3641
7547
7839
7873
7091
6814
3124
4257
6101
565
5300
4613
7632
4337
7763
1768
3842
8634
7361
1861
156
4235
2738
388
7417
7345
8623
119
841
6131
6470
3538
4542
3099
6400
747
4103
4172
1285
6459
6146
2178
8368
3413
6320
2453
159
1585
6783
7765
5685
5143
5429
5597
4744
7022
1819
725
2760
6454
3652
3955
5508
845
3214
635
7464
6199
2029
422
1870
6759
5926
22
6137
8299
3509
2709
735
1357
8267
8386
7509
144
6202
6340
5048
7658
4121
4191
6144
4132
167
8250
2604
3551
2214
2380
6189
8064
7224
2602
5673
2480
5740
7718
8342
8009
5869
3779
2870
3679
1985
3335
4061
2851
7708
6563
6518
7076
4937
642
6236
152
8686
6541
1513
3440
7869
641
6529
1139
6572
487
5052
2405
7706
5645
4076
4494
134
3849
420
704
7646
396
7354
6397
5566
7611
3420
2940
8037
2406
2811
7081
4649
1414
6677
318
2909
5485
6828
3184
4297
5467
6028
7573
2337
6313
7682
5570
5078
6338
627
6925
